2014 01 04 16 04 00
2014 01 07 12 23 00
2014 01 13 03 20 00
2014 01 21 04 54 00
2014 03 22 10 05 00
2014 03 27 07 45 00
2014 04 09 08 38 00
2014 04 12 01 21 00
2014 04 17 13 59 00
2014 04 26 22 45 00
2014 06 02 13 29 00
2014 06 12 00 45 00
2014 07 13 15 05 00
2014 10 19 09 59 00
2014 11 11 14 43 00
2014 12 25 20 23 00
2015 01 02 05 37 00
2015 01 21 22 01 00
2015 05 03 01 44 00
2015 06 01 04 43 00
2015 06 02 11 48 00
2015 06 08 22 16 00
2015 06 18 17 44 00
2015 06 19 11 02 00
2015 06 22 16 41 00
2015 07 20 15 37 00
2015 07 21 09 48 00
2015 07 28 21 50 00
2015 08 12 12 18 00
2015 08 26 07 20 00
2015 09 01 14 08 00
2015 10 20 04 58 00
2015 10 28 19 58 00
2015 12 03 17 23 00
2015 12 28 06 18 00
2015 12 28 14 35 00
2016 01 19 07 19 00
2016 03 06 07 21 00
2016 03 16 05 27 00
2016 04 09 01 18 00
2016 04 14 06 14 00
2016 05 09 12 08 00
2016 05 17 01 20 00
2016 05 21 17 52 00
2016 06 11 08 37 00
2016 06 28 03 38 00
2016 07 14 00 11 00
2016 09 12 08 25 00
2016 09 25 21 15 00
2016 10 07 12 57 00
2016 11 17 03 19 00
2016 12 05 15 18 00
2016 12 17 04 57 00
2016 12 17 12 20 00
2017 02 02 06 01 00
2017 02 09 00 01 00
2017 02 14 00 09 00
2017 03 22 09 47 00
2017 04 13 09 03 00
2017 05 16 09 59 00
2017 05 20 10 18 00
2017 06 02 10 07 00
2017 08 02 14 43 00
2017 09 25 14 06 00
2017 09 27 10 01 00
2017 10 14 21 12 00
2017 11 15 12 25 00
2017 12 04 18 27 00
2017 12 05 17 15 00
2017 12 17 19 43 00
2017 12 28 10 15 00
2018 01 01 06 04 00
2018 02 17 02 51 00
2018 04 16 01 58 00
2018 04 24 15 28 00
2018 04 28 04 29 00
2018 05 13 01 07 00
2018 05 18 09 55 00
2018 05 28 07 47 00
2018 06 24 16 04 00
2018 08 03 03 13 00
2018 09 04 11 41 00
2018 09 25 01 28 00
2018 10 03 22 01 00
2018 10 07 08 51 00
2018 12 12 00 32 00
2019 01 17 08 20 00
2019 02 02 09 20 00
2019 02 12 22 12 00
2019 02 25 07 54 00
2019 03 11 10 12 00
2019 05 22 18 08 00
2019 05 25 23 36 00
2019 06 17 19 21 00
2019 07 14 07 07 00
2019 08 22 18 09 00
2019 09 14 16 17 00
2019 09 17 09 09 00
2019 11 18 18 36 00
2019 12 09 03 04 00
