2014 01 11 03 52 00
2014 01 24 19 57 00
2014 02 19 11 59 00
2014 04 02 09 50 00
2014 04 24 13 04 00
2014 05 08 19 03 00
2014 06 02 04 33 00
2014 06 11 20 15 00
2014 06 24 22 42 00
2014 06 27 13 10 00
2014 08 01 19 29 00
2014 08 09 01 07 00
2014 08 13 02 09 00
2014 09 02 17 48 00
2014 09 12 23 33 00
2014 10 05 01 04 00
2014 10 25 08 34 00
2014 11 01 07 08 00
2015 01 11 20 13 00
2015 02 02 13 36 00
2015 02 07 05 32 00
2015 02 08 21 19 00
2015 03 08 19 36 00
2015 05 03 07 18 00
2015 05 16 07 34 00
2015 06 04 02 07 00
2015 06 06 00 01 00
2015 07 27 19 42 00
2015 08 06 13 45 00
2015 08 12 23 38 00
2015 09 16 04 04 00
2015 10 10 18 26 00
2015 10 26 05 17 00
2015 12 02 14 39 00
2015 12 03 14 29 00
2015 12 22 09 21 00
2015 12 25 13 00 00
2016 01 09 11 26 00
2016 01 14 20 17 00
2016 03 04 00 09 00
2016 03 26 21 52 00
2016 04 03 12 57 00
2016 04 09 02 14 00
2016 05 22 03 36 00
2016 05 26 11 47 00
2016 05 27 21 08 00
2016 06 12 22 56 00
2016 06 24 03 40 00
2016 07 04 00 52 00
2016 07 14 15 13 00
2016 07 28 06 25 00
2016 09 04 20 16 00
2016 09 10 21 24 00
2016 10 05 10 38 00
2016 10 17 23 55 00
2016 10 26 12 35 00
2016 11 18 10 56 00
2017 03 27 02 11 00
2017 04 01 21 58 00
2017 04 04 21 35 00
2017 04 15 18 17 00
2017 04 19 09 15 00
2017 05 06 22 14 00
2017 05 25 11 21 00
2017 05 27 14 51 00
2017 07 18 10 40 00
2017 08 26 06 39 00
2017 09 02 15 50 00
2017 09 02 16 44 00
2017 09 03 01 13 00
2017 09 06 11 57 00
2017 10 01 09 10 00
2017 11 02 07 36 00
2017 11 04 14 30 00
2017 11 07 23 34 00
2017 12 05 16 12 00
2017 12 24 01 35 00
2018 01 01 22 05 00
2018 01 13 09 21 00
2018 04 06 22 06 00
2018 04 07 02 46 00
2018 04 26 11 43 00
2018 05 05 12 42 00
2018 05 25 02 35 00
2018 05 27 13 29 00
2018 06 03 17 33 00
2018 06 13 09 35 00
2018 07 03 19 30 00
2018 07 08 19 18 00
2018 07 15 19 20 00
2018 08 03 03 06 00
2018 08 07 08 54 00
2018 08 08 16 22 00
2018 08 18 23 43 00
2018 08 21 12 46 00
2018 08 27 19 54 00
2018 08 28 08 35 00
2018 09 16 21 40 00
2018 10 13 11 05 00
2018 12 20 05 15 00
